1438082439000 85
1438082443000 89
1438082447000 89
1438082451000 84
1438082455000 80
1438082459000 79
1438082463000 80
1438082467000 79
1438082471000 76
1438082475000 74
1438082479000 73
1438082483000 70
1438082487000 68
1438082491000 69
1438082495000 71
1438082497000 71
1438082501000 73
1438082505000 74
1438082509000 71
1438082513000 69
1438082517000 69
1438082521000 71
1438082525000 71
1438082529000 74
1438082533000 76
1438082537000 77
1438082541000 85
1438082545000 82
1438082549000 80
1438082553000 78
1438082557000 76
1438082561000 75
1438082565000 75
1438082569000 78
1438082573000 79
1438082577000 80
1438082581000 80
1438082585000 81
1438082589000 81
1438082593000 82
1438082597000 82
1438082601000 83
1438082605000 84
1438082609000 83
1438082613000 81
1438082617000 78
1438082621000 79
1438082625000 80
1438082629000 80
1438082633000 80
1438082637000 80
1438082641000 79
1438082645000 79
1438082649000 80
1438082653000 78
1438082657000 79
1438082661000 78
1438082665000 76
1438082669000 72
1438082673000 69
1438082677000 70
1438082681000 70
1438082685000 71
1438082689000 72
1438082693000 72
1438082697000 68
1438082701000 67
1438082705000 69
1438082709000 73
1438082713000 74
1438082717000 74
1438082721000 74
1438082725000 75
1438082729000 76
1438082733000 78
1438082737000 79
1438082741000 78
1438082745000 78
1438082749000 77
1438082753000 74
1438082757000 74
1438082761000 76
1438082765000 78
1438082767000 80
