1438102719000 77 0.0
1438102723000 76 0.0
1438102727000 73 0.0
1438102731000 72 0.0
1438102735000 73 0.0
1438102739000 73 0.0
1438102743000 75 0.0
1438102747000 78 0.0
1438102751000 79 0.0
1438102755000 78 0.0
1438102759000 77 0.0
1438102763000 79 0.0
1438102767000 77 0.0
1438102771000 76 0.0
1438102775000 77 0.0
1438102779000 80 0.0
1438102783000 82 0.0
1438102787000 82 0.0
1438102791000 83 0.0
1438102795000 84 0.0
1438102799000 83 0.0
1438102803000 81 0.0
1438102807000 78 0.0
1438102811000 77 0.0
1438102815000 79 0.0
1438102819000 80 0.0
1438102823000 81 0.0
1438102827000 82 0.0
1438102831000 82 0.0
1438102835000 83 0.0
1438102839000 85 0.0
1438102843000 89 0.0
1438102847000 90 0.0
1438102851000 90 0.0
1438102855000 93 0.0
1438102859000 92 0.0
1438102863000 90 0.0
1438102867000 89 0.0
1438102871000 91 0.0
1438102875000 90 0.0
1438102879000 89 0.0
1438102883000 89 0.0
1438102887000 89 0.0
1438102903000 79 0.0
1438102907000 79 0.0
1438102911000 80 0.0
1438102915000 79 0.0
1438102919000 79 0.0
1438102923000 79 0.0
1438102927000 78 0.0
1438102931000 78 0.0
1438102935000 81 0.0
1438102939000 80 0.0
1438102943000 78 0.0
1438102947000 79 0.0
1438102951000 79 0.0
1438102955000 78 0.0
1438102959000 79 0.0
1438102963000 81 0.0
1438102967000 82 0.0
1438102971000 83 0.0
1438102975000 83 0.0
1438102977000 84 0.0
1438102981000 84 0.616
1438102985000 84 1.334
1438102989000 84 1.334
1438102993000 85 1.054
1438102997000 87 0.0
1438103001000 90 0.0
1438103005000 92 0.0
1438103009000 92 0.0
1438103013000 93 0.0
1438103017000 93 0.0
1438103021000 91 0.0
1438103025000 93 0.0
1438103029000 91 0.0
1438103033000 89 0.0
1438103037000 86 0.0
1438103041000 86 0.0
1438103045000 87 0.0
1438103049000 87 0.0
1438103053000 87 0.0
1438103057000 88 0.0
1438103061000 87 0.0
1438103065000 84 0.0
1438103069000 82 0.0
1438103073000 83 0.0
1438103077000 86 0.0
1438103081000 90 0.0
1438103085000 89 0.0
1438103089000 91 0.0
1438103093000 91 0.0
1438103097000 89 0.0
1438103101000 89 0.0
1438103105000 92 0.0
1438103109000 97 0.0
1438103113000 96 0.0
1438103117000 94 0.0
1438103121000 93 0.0
1438103125000 92 0.0
1438103129000 89 0.0
1438103133000 90 0.0
1438103137000 92 0.0
1438103141000 92 0.0
1438103145000 91 0.0
1438103149000 91 0.0
1438103153000 90 0.0
1438103157000 90 0.0
1438103161000 88 0.0
1438103165000 86 0.0
1438103169000 87 0.0
1438103173000 90 0.569
1438103177000 89 0.588
1438103181000 87 1.764
1438103185000 88 0.0
1438103189000 91 0.0
1438103193000 89 0.0
1438103197000 90 0.0
1438103201000 91 0.0
1438103205000 90 0.0
1438103208000 91 0.0
1438103208000 91 0.0
1438103213000 90 0.0
1438103217000 93 0.0
1438103221000 91 0.0
1438103225000 89 0.0
1438103229000 88 0.0
1438103233000 86 0.0
1438103237000 84 0.0
1438103241000 85 0.0
1438103245000 83 0.0
1438103249000 79 0.0
1438103253000 77 0.0
1438103257000 77 0.0
1438103261000 78 0.0
1438103265000 81 0.0
1438103269000 83 0.0
1438103273000 86 0.0
1438103277000 85 0.448
1438103281000 87 2.473
1438103285000 91 2.342
1438103289000 94 0.0
1438103289000 94 0.0
1438103293000 93 0.0
1438103297000 90 0.0
1438103301000 86 0.0
1438103305000 86 0.0
1438103309000 92 3.546
1438103313000 99 6.186
1438103317000 102 8.351
1438103321000 101 8.65
1438103325000 96 7.297
1438103329000 93 5.514
1438103333000 96 6.699
1438103337000 101 6.923
1438103341000 104 6.793
1438103345000 105 6.97
1438103349000 105 5.3
1438103353000 104 2.613
1438103357000 107 6.196
1438103361000 113 7.856
1438103365000 118 8.631
1438103369000 119 9.256
1438103373000 118 9.797
1438103377000 117 10.609
1438103381000 116 10.87
1438103385000 116 10.87
1438103389000 117 10.833
1438103393000 117 10.87
1438103397000 114 10.17
1438103401000 112 9.107
1438103405000 107 5.188
1438103409000 103 5.029
1438103413000 106 6.466
1438103417000 109 7.045
1438103421000 110 7.035
1438103425000 113 6.494
1438103429000 117 6.587
1438103433000 120 6.587
1438103437000 121 7.269
1438103441000 121 7.726
1438103445000 120 8.37
1438103449000 121 9.433
1438103453000 119 10.348
1438103457000 114 10.73
1438103461000 112 9.704
1438103465000 105 7.651
1438103469000 105 6.699
1438103473000 109 6.718
1438103477000 114 7.483
1438103481000 115 8.472
1438103485000 115 7.381
1438103489000 113 2.622
1438103493000 113 3.564
1438103497000 116 5.598
1438103501000 121 6.569
1438103505000 124 6.989
1438103509000 125 7.922
1438103513000 124 8.883
1438103517000 123 8.435
1438103521000 121 8.864
1438103525000 117 8.976
1438103529000 116 9.153
1438103533000 114 9.06
1438103537000 112 8.687
1438103541000 111 7.978
1438103545000 110 7.763
1438103549000 108 7.427
1438103553000 104 5.402
1438103557000 109 5.468
1438103561000 114 5.72
1438103565000 118 6.14
1438103569000 122 6.522
1438103573000 126 6.69
1438103577000 128 7.045
1438103581000 131 6.569
1438103585000 135 6.326
1438103589000 137 6.503
1438103593000 139 6.308
1438103597000 140 6.485
1438103601000 140 6.597
1438103605000 140 6.233
1438103609000 140 6.699
1438103613000 140 6.681
1438103617000 140 7.25
1438103621000 140 7.017
1438103625000 139 6.905
1438103629000 139 7.166
1438103633000 138 7.035
1438103637000 137 7.026
1438103641000 137 6.811
1438103645000 136 6.28
1438103649000 137 7.297
1438103653000 137 7.996
1438103657000 136 8.015
1438103661000 136 8.892
1438103665000 135 9.676
1438103669000 133 9.209
1438103673000 130 9.013
1438103677000 130 7.838
1438103681000 130 7.539
1438103685000 129 7.455
1438103689000 130 7.054
1438103693000 130 6.653
1438103697000 131 6.476
1438103701000 133 5.934
1438103705000 134 5.197
1438103709000 135 4.871
1438103713000 136 4.917
1438103717000 137 5.104
1438103721000 138 5.16
1438103725000 140 5.048
1438103729000 142 6.298
1438103733000 142 6.755
1438103737000 141 6.55
1438103741000 142 6.755
1438103745000 141 7.073
1438103749000 141 6.942
1438103753000 139 7.465
1438103757000 139 7.744
1438103761000 138 7.772
1438103765000 137 7.968
1438103769000 135 7.688
1438103773000 134 7.166
1438103777000 134 5.636
1438103781000 134 5.337
1438103785000 135 5.123
1438103789000 136 4.815
1438103793000 137 5.123
1438103797000 138 5.02
1438103801000 140 4.768
1438103805000 141 5.263
1438103809000 143 5.141
1438103813000 144 5.878
1438103817000 143 6.737
1438103821000 142 6.112
1438103825000 141 4.787
1438103829000 140 4.395
1438103833000 139 5.16
1438103837000 141 5.626
1438103841000 143 5.225
1438103845000 142 5.263
1438103849000 142 5.216
1438103853000 143 4.973
1438103857000 145 4.824
1438103861000 145 5.402
1438103865000 145 5.02
1438103869000 146 4.74
1438103873000 146 5.44
1438103877000 146 5.561
1438103881000 147 5.151
1438103885000 146 5.617
1438103889000 146 5.617
1438103893000 148 5.318
1438103897000 148 5.412
1438103901000 147 5.598
1438103905000 146 5.608
1438103909000 145 5.626
1438103913000 144 5.794
1438103917000 143 5.981
1438103921000 141 5.738
1438103925000 137 3.256
1438103929000 132 0.0
1438103929000 132 0.0
1438103933000 128 0.0
1438103937000 127 0.0
1438103941000 123 0.0
1438103945000 122 0.0
1438103949000 120 0.0
1438103953000 117 0.0
1438103957000 111 0.0
1438103961000 107 0.0
1438103965000 104 0.0
1438103969000 104 0.0
1438103973000 104 0.0
1438103977000 106 0.0
1438103981000 107 0.0
1438103985000 106 1.484
1438103987000 107 2.109
1438103991000 110 6.084
1438103995000 113 7.222
1438103999000 116 8.519
1438104003000 117 9.583
1438104007000 121 10.45
1438104011000 124 10.208
1438104015000 127 9.993
1438104019000 129 10.525
1438104023000 130 8.929
1438104027000 132 5.953
1438104031000 137 5.3
1438104035000 142 4.955
1438104039000 146 4.628
1438104043000 152 4.628
1438104047000 155 4.348
1438104051000 158 4.329
1438104055000 157 4.964
1438104059000 157 5.692
1438104063000 155 6.681
1438104067000 154 7.577
1438104071000 153 7.633
1438104075000 151 7.511
1438104079000 150 8.183
1438104083000 147 8.696
1438104087000 146 9.023
1438104091000 145 7.688
1438104095000 144 4.992
1438104099000 143 6.354
1438104103000 141 8.062
1438104107000 137 9.433
1438104111000 130 11.038
1438104115000 124 10.497
1438104119000 120 6.522
1438104123000 119 9.452
1438104127000 120 11.038
1438104131000 121 12.251
1438104135000 118 11.598
1438104139000 115 10.898
1438104143000 111 8.043
1438104147000 101 1.791
1438104151000 102 4.992
1438104155000 114 6.028
1438104159000 118 8.454
1438104163000 122 8.873
1438104167000 119 9.135
1438104171000 121 6.951
1438104175000 124 4.703
1438104179000 129 4.199
1438104183000 133 4.18
1438104187000 137 2.995
1438104191000 140 3.35
1438104195000 142 3.499
1438104199000 145 3.359
1438104203000 147 3.415
1438104207000 149 3.182
1438104211000 150 3.424
1438104215000 152 3.779
1438104219000 152 3.938
1438104223000 153 4.022
1438104227000 154 4.264
1438104231000 155 4.609
1438104235000 156 4.591
1438104239000 156 5.169
1438104243000 155 6.373
1438104247000 154 7.054
1438104251000 152 7.269
1438104255000 150 8.071
1438104259000 148 9.004
1438104263000 147 9.695
1438104267000 146 9.984
1438104271000 146 9.835
1438104275000 145 9.853
1438104279000 146 9.611
1438104283000 145 9.835
1438104287000 145 9.928
1438104291000 145 9.825
1438104295000 145 10.04
1438104299000 144 9.676
1438104303000 145 9.555
1438104307000 147 9.536
1438104311000 148 9.517
1438104315000 148 9.592
1438104319000 148 9.405
1438104323000 149 9.685
1438104327000 148 9.377
1438104331000 148 8.985
1438104335000 148 7.968
1438104339000 148 7.446
1438104343000 150 7.623
1438104347000 150 7.894
1438104351000 149 8.929
1438104355000 149 8.556
1438104359000 149 8.267
1438104363000 149 8.444
1438104367000 149 8.855
1438104371000 149 9.219
1438104375000 147 8.827
1438104379000 146 8.64
1438104383000 144 8.062
1438104387000 142 8.538
1438104391000 142 8.659
1438104395000 142 8.668
1438104399000 143 8.734
1438104403000 142 9.013
1438104407000 142 8.864
1438104411000 140 8.379
1438104415000 139 8.65
1438104419000 140 8.818
1438104423000 140 8.65
1438104427000 140 8.379
1438104431000 142 8.351
1438104435000 143 8.248
1438104439000 143 7.726
1438104443000 144 7.521
1438104447000 144 7.306
1438104451000 144 7.073
1438104455000 144 6.774
1438104459000 145 7.53
1438104463000 144 7.987
1438104467000 142 8.435
1438104471000 140 8.622
1438104475000 138 9.433
1438104479000 136 9.275
1438104483000 134 9.863
1438104487000 132 9.797
1438104491000 128 9.667
1438104495000 127 9.433
1438104499000 127 9.695
1438104503000 126 9.331
1438104507000 128 9.013
1438104511000 128 8.92
1438104515000 126 8.929
1438104519000 126 8.845
1438104523000 127 8.678
1438104527000 127 7.931
1438104531000 127 7.53
1438104535000 127 8.379
1438104539000 126 9.097
1438104543000 125 9.247
1438104547000 124 9.069
1438104551000 121 9.237
1438104555000 121 8.752
1438104559000 120 7.502
1438104563000 120 7.996
1438104567000 122 9.312
1438104571000 124 9.48
1438104575000 125 9.237
1438104579000 127 8.482
1438104583000 129 6.998
1438104587000 129 7.651
1438104591000 131 8.491
1438104595000 134 7.931
1438104599000 138 8.164
1438104603000 141 8.267
1438104607000 145 7.94
1438104611000 148 7.465
1438104615000 150 7.082
1438104619000 152 7.138
1438104623000 152 7.371
1438104627000 152 7.754
1438104631000 152 7.549
1438104635000 152 6.923
1438104639000 151 7.8
1438104643000 151 8.183
1438104647000 151 8.23
1438104651000 149 7.549
1438104655000 148 8.006
1438104659000 145 7.847
1438104663000 144 6.569
1438104667000 144 9.125
1438104671000 142 9.023
1438104675000 140 8.286
1438104679000 138 9.405
1438104683000 136 10.273
1438104687000 135 9.573
1438104691000 134 9.685
1438104695000 131 9.825
1438104699000 130 10.357
1438104703000 130 9.975
1438104707000 130 9.387
1438104711000 130 9.032
1438104715000 130 9.191
1438104719000 131 9.191
1438104723000 131 9.153
1438104727000 129 9.041
1438104731000 126 7.66
1438104735000 128 7.455
1438104739000 132 8.379
1438104743000 136 8.762
1438104747000 139 8.929
1438104751000 141 8.948
1438104755000 143 8.827
1438104759000 146 8.678
1438104763000 147 8.556
1438104767000 148 8.295
1438104771000 150 7.894
1438104775000 153 7.726
1438104779000 154 7.614
1438104783000 155 7.362
1438104787000 156 7.11
1438104791000 156 6.802
1438104795000 157 6.718
1438104799000 156 6.69
1438104803000 157 6.401
1438104807000 158 6.196
1438104811000 158 6.755
1438104815000 158 6.961
1438104819000 157 7.007
1438104823000 157 6.746
1438104827000 155 7.017
1438104831000 155 7.642
1438104835000 153 7.642
1438104839000 152 7.707
1438104843000 152 7.763
1438104847000 151 7.614
1438104851000 149 7.549
1438104855000 147 8.052
1438104859000 145 7.987
1438104863000 144 8.211
1438104867000 143 9.144
1438104871000 141 10.217
1438104875000 138 10.898
1438104879000 136 11.094
1438104883000 135 10.88
1438104887000 135 8.845
1438104891000 139 8.659
1438104895000 141 9.704
1438104899000 141 9.293
1438104903000 141 7.996
1438104907000 141 8.183
1438104911000 142 8.323
1438104915000 143 7.744
1438104919000 143 7.605
1438104923000 144 8.09
1438104927000 144 7.754
1438104931000 145 7.884
1438104935000 147 7.558
1438104939000 147 6.839
1438104943000 147 6.42
1438104947000 147 6.69
1438104951000 148 6.233
1438104955000 148 6.065
1438104959000 148 6.476
1438104963000 148 6.429
1438104967000 147 7.493
1438104971000 145 8.22
1438104975000 143 8.342
1438104979000 142 8.92
1438104983000 140 9.349
1438104987000 139 8.631
1438104991000 140 8.192
1438104995000 139 8.454
1438104999000 138 8.584
1438105003000 136 8.985
1438105007000 134 8.547
1438105011000 132 8.818
1438105015000 131 7.222
1438105019000 131 7.642
1438105023000 131 8.276
1438105027000 131 8.668
1438105031000 132 8.267
1438105035000 133 7.101
1438105039000 134 7.521
1438105043000 136 7.007
1438105047000 138 6.979
1438105051000 139 7.53
1438105055000 140 7.259
1438105059000 141 8.23
1438105063000 140 9.349
1438105067000 140 8.51
1438105071000 141 8.323
1438105075000 143 7.894
1438105079000 145 7.409
1438105083000 146 6.802
1438105087000 147 6.531
1438105091000 149 5.925
1438105095000 148 6.886
1438105099000 149 6.942
1438105103000 147 8.164
1438105107000 146 8.192
1438105111000 145 7.53
1438105115000 146 8.071
1438105119000 145 7.996
1438105123000 145 8.454
1438105127000 144 9.359
1438105131000 143 9.228
1438105135000 142 9.461
1438105139000 142 9.573
1438105143000 141 9.069
1438105147000 142 9.639
1438105151000 142 8.818
1438105155000 142 8.043
1438105159000 143 7.772
1438105163000 144 6.895
1438105167000 145 6.839
1438105171000 145 6.97
1438105175000 144 7.968
1438105179000 144 7.8
1438105183000 145 7.11
1438105187000 144 7.605
1438105191000 144 7.241
1438105195000 143 6.681
1438105199000 142 6.597
1438105203000 141 6.382
1438105207000 140 7.987
1438105211000 139 8.995
1438105215000 138 8.827
1438105219000 138 8.295
1438105223000 136 7.493
1438105227000 136 7.465
1438105231000 134 6.979
1438105235000 133 3.732
1438105239000 134 6.839
1438105243000 135 7.978
1438105247000 135 7.838
1438105251000 135 7.744
1438105255000 136 7.819
1438105259000 136 8.248
1438105263000 135 9.2
1438105267000 135 9.564
1438105271000 135 9.415
1438105275000 135 9.835
1438105279000 136 9.359
1438105283000 137 8.538
1438105287000 138 8.771
1438105291000 139 9.349
1438105295000 139 9.004
1438105299000 139 8.36
1438105303000 139 8.901
1438105307000 139 8.771
1438105311000 139 9.023
1438105315000 139 9.489
1438105319000 139 9.265
1438105323000 139 8.892
1438105327000 138 8.304
1438105331000 139 8.407
1438105335000 140 8.239
1438105339000 140 8.426
1438105343000 141 8.5
1438105347000 142 8.612
1438105351000 142 8.752
1438105355000 142 7.623
1438105359000 143 7.381
1438105363000 143 7.987
1438105367000 143 7.922
1438105371000 144 7.791
1438105375000 143 7.586
1438105379000 144 7.577
1438105383000 143 7.549
1438105387000 143 7.465
1438105391000 143 7.521
1438105395000 144 7.651
1438105399000 144 7.95
1438105403000 143 8.51
1438105407000 142 8.146
1438105411000 142 8.062
1438105415000 142 7.259
1438105419000 143 6.998
1438105423000 145 6.802
1438105427000 145 7.549
1438105431000 144 8.108
1438105435000 142 8.08
1438105439000 142 8.099
1438105443000 140 8.594
1438105447000 140 8.463
1438105451000 139 8.594
1438105455000 139 8.668
1438105459000 138 8.174
1438105463000 139 6.895
1438105467000 139 7.735
1438105471000 139 7.903
1438105475000 139 8.519
1438105479000 139 8.062
1438105483000 140 8.071
1438105487000 139 8.407
1438105491000 138 8.873
1438105495000 139 9.191
1438105499000 138 9.573
1438105503000 137 9.657
1438105507000 136 9.741
1438105511000 135 9.443
1438105515000 135 8.65
1438105519000 135 9.377
1438105523000 134 9.825
1438105527000 134 9.237
1438105531000 133 9.275
1438105535000 133 9.452
1438105539000 133 9.844
1438105543000 131 9.751
1438105547000 130 8.528
1438105551000 125 7.054
1438105555000 124 5.318
1438105559000 127 7.633
1438105563000 130 7.828
1438105567000 132 7.912
1438105571000 135 8.248
1438105575000 138 7.791
1438105579000 140 7.073
1438105583000 143 6.867
1438105587000 146 6.914
1438105591000 148 6.513
1438105595000 149 4.927
1438105599000 149 4.721
1438105603000 148 7.446
1438105607000 147 8.276
1438105611000 145 7.94
1438105615000 144 8.622
1438105619000 142 8.556
1438105623000 141 8.696
1438105627000 140 8.631
1438105631000 140 8.388
1438105635000 138 7.66
1438105639000 136 8.108
1438105643000 137 6.989
1438105647000 139 6.877
1438105651000 139 6.867
1438105655000 140 7.875
1438105659000 140 7.66
1438105663000 140 8.855
1438105667000 139 9.032
1438105671000 137 8.845
1438105675000 136 9.125
1438105679000 136 8.836
1438105683000 135 8.995
1438105687000 134 8.818
1438105691000 135 8.239
1438105695000 135 7.203
1438105699000 136 6.578
1438105703000 137 5.57
1438105707000 137 4.777
1438105711000 137 6.252
1438105715000 139 6.923
1438105719000 140 7.091
1438105723000 141 7.39
1438105727000 142 7.157
1438105731000 144 7.483
1438105735000 144 7.521
1438105739000 145 7.856
1438105743000 145 7.81
1438105747000 146 7.987
1438105751000 146 8.062
1438105755000 146 7.987
1438105759000 145 7.409
1438105763000 146 7.175
1438105767000 146 7.567
1438105771000 146 7.399
1438105775000 147 7.297
1438105779000 147 7.521
1438105783000 147 7.474
1438105787000 147 7.427
1438105791000 147 7.455
1438105795000 148 7.446
1438105799000 146 7.427
1438105803000 146 7.297
1438105807000 146 7.567
1438105811000 146 7.903
1438105815000 145 7.828
1438105819000 144 7.203
1438105823000 144 7.147
1438105827000 143 7.119
1438105831000 144 7.194
1438105835000 144 7.11
1438105839000 144 7.371
1438105843000 144 7.194
1438105847000 144 6.858
1438105851000 145 6.653
1438105855000 145 6.522
1438105859000 144 6.867
1438105863000 143 7.054
1438105867000 143 7.53
1438105871000 141 7.735
1438105875000 140 7.903
1438105879000 138 7.922
1438105883000 137 7.884
1438105887000 137 7.614
1438105891000 137 7.446
1438105895000 135 7.166
1438105899000 134 4.208
1438105903000 132 5.281
1438105907000 134 6.886
1438105911000 135 7.353
1438105915000 135 7.782
1438105919000 136 8.118
1438105923000 136 8.323
1438105927000 135 8.995
1438105931000 134 8.668
1438105935000 134 8.463
1438105939000 134 7.856
1438105943000 135 7.95
1438105947000 136 7.959
1438105951000 138 7.241
1438105955000 140 6.923
1438105959000 142 7.735
1438105963000 143 7.903
1438105967000 144 7.511
1438105971000 145 7.511
1438105975000 146 7.25
1438105979000 147 7.549
1438105983000 148 7.082
1438105987000 148 7.222
1438105991000 149 7.418
1438105995000 149 7.586
1438105999000 149 8.155
1438106003000 148 6.709
1438106007000 149 5.561
1438106011000 149 5.832
1438106015000 149 5.636
1438106019000 150 5.972
1438106023000 149 6.345
1438106027000 149 6.438
1438106031000 148 6.923
1438106035000 148 6.979
1438106039000 147 7.446
1438106043000 146 8.36
1438106047000 144 8.603
1438106051000 143 8.771
1438106055000 141 9.125
1438106059000 140 9.853
1438106063000 139 8.491
1438106067000 139 7.315
1438106071000 139 6.774
1438106075000 140 7.53
1438106079000 141 7.726
1438106083000 141 6.27
1438106087000 142 6.177
1438106091000 143 5.766
1438106095000 144 4.684
1438106099000 145 6.382
1438106103000 147 6.615
1438106107000 147 6.979
1438106111000 147 7.39
1438106115000 146 7.894
1438106119000 147 7.716
1438106123000 147 7.502
1438106127000 147 7.213
1438106131000 147 7.129
1438106135000 146 7.343
1438106139000 147 7.362
1438106143000 147 7.11
1438106147000 147 7.325
1438106151000 147 7.633
1438106155000 147 8.006
1438106159000 145 8.258
1438106163000 144 8.099
1438106167000 143 8.351
1438106171000 142 7.8
1438106175000 141 8.211
1438106179000 141 7.996
1438106183000 142 7.903
1438106187000 141 7.782
1438106191000 142 7.353
1438106195000 142 7.605
1438106199000 144 7.866
1438106203000 144 8.136
1438106207000 145 8.164
1438106211000 145 8.295
1438106215000 146 8.267
1438106219000 147 8.052
1438106223000 148 8.099
1438106227000 147 8.248
1438106231000 147 8.286
1438106235000 147 8.183
1438106239000 146 9.237
1438106243000 144 8.864
1438106247000 144 8.706
1438106251000 144 8.734
1438106255000 142 9.76
1438106259000 141 11.701
1438106263000 139 13.184
1438106267000 138 11.486
1438106271000 137 10.198
1438106275000 137 7.922
1438106279000 138 6.783
1438106283000 140 6.158
1438106287000 143 5.505
1438106291000 145 4.917
1438106295000 148 4.628
1438106299000 150 3.583
1438106303000 151 4.591
1438106307000 150 5.253
1438106311000 150 5.44
1438106315000 150 5.225
1438106319000 150 6.0
1438106323000 150 6.951
1438106327000 149 7.912
1438106331000 148 7.94
1438106335000 147 7.539
1438106339000 146 7.642
1438106343000 145 6.42
1438106347000 144 6.205
1438106351000 144 6.503
1438106355000 144 6.578
1438106359000 143 7.819
1438106363000 142 8.799
1438106367000 141 8.155
1438106371000 140 7.502
1438106375000 141 7.026
1438106379000 142 6.839
1438106383000 142 7.567
1438106387000 142 7.147
1438106391000 142 7.101
1438106395000 142 8.566
1438106399000 140 8.929
1438106403000 139 8.65
1438106407000 137 7.539
1438106411000 137 7.623
1438106415000 136 8.454
1438106419000 135 9.135
1438106423000 134 9.079
1438106427000 134 8.024
1438106431000 134 7.418
1438106435000 135 6.951
1438106439000 137 6.774
1438106443000 138 7.287
1438106447000 139 7.278
1438106451000 141 6.615
1438106455000 143 5.944
1438106459000 145 6.056
1438106463000 148 6.364
1438106467000 150 6.074
1438106471000 152 6.056
1438106475000 152 6.849
1438106479000 153 6.737
1438106483000 153 7.054
1438106487000 152 7.343
1438106491000 153 7.334
1438106495000 153 7.157
1438106499000 153 7.586
1438106503000 152 7.856
1438106507000 153 7.399
1438106511000 152 7.259
1438106515000 152 7.381
1438106519000 152 7.231
1438106523000 153 7.007
1438106527000 153 6.933
1438106531000 152 7.259
1438106535000 152 7.353
1438106539000 150 7.605
1438106543000 147 8.108
1438106547000 144 8.164
1438106551000 141 5.309
1438106555000 139 3.648
1438106559000 139 7.213
1438106563000 138 7.838
1438106567000 139 7.558
1438106571000 140 8.146
1438106575000 140 7.912
1438106579000 140 7.381
1438106583000 141 7.381
1438106587000 142 6.811
1438106591000 144 6.13
1438106595000 144 3.798
1438106599000 145 4.413
1438106603000 146 5.673
1438106607000 147 6.727
1438106611000 146 7.455
1438106615000 144 7.334
1438106619000 143 7.539
1438106623000 143 7.278
1438106627000 144 6.336
1438106631000 143 3.714
1438106635000 143 6.718
1438106639000 144 7.8
1438106643000 145 7.073
1438106647000 147 6.438
1438106651000 148 6.905
1438106655000 149 7.073
1438106659000 150 6.606
1438106663000 152 5.748
1438106667000 153 5.888
1438106671000 154 5.449
1438106675000 155 6.998
1438106679000 154 7.213
1438106683000 154 7.035
1438106687000 154 6.727
1438106691000 153 6.905
1438106695000 152 6.951
1438106699000 152 7.437
1438106703000 152 7.185
1438106707000 152 7.39
1438106711000 151 7.502
1438106715000 151 7.147
1438106719000 150 6.718
1438106723000 150 7.026
1438106727000 151 6.774
1438106731000 152 7.119
1438106735000 152 6.709
1438106739000 152 6.699
1438106743000 152 5.804
1438106747000 153 5.682
1438106751000 154 6.28
1438106755000 154 6.14
1438106759000 155 6.009
1438106763000 155 5.766
1438106767000 154 6.102
1438106771000 154 6.261
1438106775000 155 6.643
1438106779000 154 7.045
1438106783000 152 7.465
1438106787000 149 7.866
1438106791000 147 8.183
1438106795000 146 8.267
1438106799000 144 8.388
1438106803000 143 8.528
1438106807000 142 8.416
1438106811000 142 7.8
1438106815000 141 8.099
1438106819000 141 7.912
1438106823000 140 8.164
1438106827000 140 7.828
1438106831000 141 7.623
1438106835000 141 7.754
1438106839000 141 7.856
1438106843000 141 7.978
1438106847000 142 7.968
1438106851000 141 7.959
1438106855000 141 7.978
1438106859000 141 8.267
1438106863000 142 7.427
1438106867000 143 7.726
1438106871000 145 7.633
1438106875000 146 7.959
1438106879000 147 7.679
1438106883000 149 6.951
1438106887000 151 6.587
1438106891000 152 6.97
1438106895000 151 7.521
1438106899000 151 7.716
1438106903000 148 7.483
1438106907000 147 7.642
1438106911000 146 7.623
1438106915000 147 7.521
1438106919000 146 7.287
1438106923000 145 7.623
1438106927000 143 7.166
1438106931000 142 7.474
1438106935000 143 7.884
1438106939000 144 7.8
1438106943000 145 7.819
1438106947000 144 8.267
1438106951000 144 7.483
1438106955000 144 7.138
1438106959000 145 6.737
1438106963000 145 7.325
1438106967000 145 7.278
1438106971000 146 7.474
1438106975000 146 7.483
1438106979000 148 7.642
1438106983000 148 7.325
1438106987000 149 7.399
1438106991000 150 7.371
1438106995000 151 7.185
1438106999000 152 6.905
1438107003000 152 6.923
1438107007000 152 7.017
1438107011000 152 6.877
1438107015000 152 6.802
1438107019000 151 7.399
1438107023000 150 8.006
1438107027000 148 8.416
1438107031000 145 9.359
1438107035000 142 10.721
1438107039000 137 11.365
1438107043000 131 11.859
1438107047000 124 13.25
1438107051000 123 8.799
1438107055000 123 8.006
1438107059000 125 5.533
1438107063000 124 3.732
1438107067000 126 3.172
1438107071000 130 6.0
1438107075000 131 6.345
1438107079000 131 6.186
1438107083000 132 5.916
1438107087000 133 5.626
1438107091000 134 5.02
1438107095000 136 5.216
1438107099000 138 4.768
1438107103000 139 3.592
1438107107000 141 3.844
1438107111000 144 3.284
1438107115000 146 2.986
1438107119000 147 2.575
1438107123000 148 2.277
1438107127000 150 2.771
1438107131000 152 2.837
1438107135000 153 2.743
1438107139000 155 2.855
1438107143000 155 2.547
1438107147000 156 3.004
1438107151000 156 1.95
1438107155000 156 2.071
1438107159000 157 2.109
1438107163000 157 2.146
1438107167000 158 2.809
1438107171000 159 2.976
1438107175000 158 3.611
1438107179000 159 2.809
1438107183000 159 3.294
1438107187000 158 3.368
1438107191000 158 3.48
1438107195000 163 6.298
1438107199000 156 8.528
1438107203000 153 6.438
1438107207000 153 6.392
1438107211000 152 5.832
1438107215000 151 5.897
1438107219000 151 6.392
1438107223000 150 6.522
1438107227000 149 6.214
1438107231000 147 6.401
1438107235000 146 6.186
1438107239000 144 6.102
1438107243000 143 8.258
1438107247000 140 10.749
1438107251000 138 13.39
1438107255000 134 14.882
1438107259000 132 11.794
1438107263000 132 10.46
1438107267000 135 8.985
1438107271000 136 8.006
1438107275000 138 6.643
1438107279000 139 6.737
1438107283000 140 6.634
1438107287000 141 6.69
1438107291000 141 6.895
1438107295000 141 7.194
1438107299000 142 7.539
1438107303000 141 7.735
1438107307000 140 8.267
1438107311000 140 8.472
1438107315000 138 8.836
1438107319000 137 8.762
1438107323000 135 9.097
1438107327000 132 9.312
1438107331000 131 9.06
1438107335000 129 9.648
1438107339000 125 9.499
1438107343000 123 9.592
1438107347000 119 7.082
1438107351000 114 4.945
1438107355000 121 8.706
1438107359000 131 10.152
1438107363000 136 10.17
1438107367000 140 11.076
1438107371000 144 12.578
1438107375000 146 13.278
1438107379000 148 13.837
1438107383000 150 13.007
1438107387000 153 12.251
1438107391000 154 11.523
1438107395000 157 10.814
1438107399000 157 9.704
1438107403000 157 9.144
1438107407000 157 9.023
1438107411000 157 8.65
1438107413000 157 9.377
1438107417000 157 10.497
1438107421000 156 11.635
1438107425000 156 11.943
1438107429000 155 11.906
1438107433000 154 11.449
1438107437000 153 10.945
1438107441000 151 8.556
1438107445000 150 5.673
1438107449000 147 5.039
1438107453000 146 5.291
1438107457000 145 5.664
1438107461000 145 6.0
1438107465000 144 6.102
1438107469000 144 6.457
1438107473000 143 6.662
1438107477000 143 6.961
1438107481000 142 6.476
1438107485000 142 6.438
1438107489000 142 7.194
1438107493000 142 7.968
1438107497000 139 7.959
1438107501000 139 7.782
1438107505000 137 7.474
1438107509000 137 7.549
1438107513000 136 7.483
1438107517000 135 7.558
1438107521000 134 7.912
1438107525000 133 8.052
1438107529000 133 8.687
1438107533000 132 9.172
1438107537000 129 9.125
1438107541000 128 8.65
1438107545000 128 8.659
1438107549000 126 8.491
1438107553000 124 6.13
1438107557000 123 5.132
1438107561000 127 5.263
1438107565000 131 5.412
1438107569000 134 6.037
1438107573000 135 6.559
1438107577000 135 6.634
1438107581000 136 6.951
1438107585000 137 6.699
1438107589000 138 6.364
1438107593000 140 6.028
1438107597000 141 5.402
1438107601000 142 4.759
1438107605000 141 5.029
1438107609000 142 5.654
1438107613000 142 5.44
1438107617000 143 5.589
1438107621000 145 5.272
1438107625000 146 5.486
1438107629000 145 5.645
1438107633000 145 5.393
1438107637000 145 4.553
1438107641000 143 6.522
1438107645000 143 7.287
1438107649000 141 6.578
1438107653000 140 5.878
1438107657000 139 5.72
1438107661000 136 6.392
1438107665000 135 3.536
1438107669000 133 5.58
1438107673000 133 6.364
1438107677000 133 6.466
1438107681000 134 5.841
1438107685000 135 4.973
1438107689000 137 4.535
1438107693000 139 4.759
1438107697000 142 5.225
1438107701000 144 4.703
1438107705000 145 4.992
1438107709000 145 5.141
1438107713000 145 5.253
1438107717000 145 4.927
1438107721000 146 5.86
1438107725000 147 6.326
1438107729000 147 7.157
1438107733000 147 7.577
1438107737000 145 6.979
1438107741000 143 6.168
1438107745000 138 3.751
1438107749000 134 0.0
1438107749000 134 0.0
1438107753000 129 0.0
1438107757000 127 0.0
1438107761000 121 0.0
1438107765000 116 0.0
1438107769000 119 0.0
1438107773000 118 0.0
1438107777000 123 0.0
1438107781000 119 0.877
1438107783000 121 2.211
1438107787000 122 3.891
1438107791000 122 4.908
1438107795000 125 5.748
1438107799000 129 6.699
1438107803000 133 6.662
1438107807000 135 6.438
1438107811000 136 5.384
1438107815000 138 5.328
1438107819000 140 5.197
1438107823000 143 5.151
1438107827000 144 4.731
1438107831000 145 4.525
1438107835000 146 4.096
1438107839000 147 4.32
1438107843000 149 3.714
1438107847000 149 4.012
1438107851000 150 4.152
1438107855000 150 4.161
1438107859000 150 4.05
1438107863000 150 4.199
1438107867000 151 4.189
1438107871000 150 4.497
1438107875000 150 4.647
1438107879000 150 4.637
1438107883000 150 4.777
1438107887000 149 4.852
1438107891000 149 4.796
1438107895000 148 4.852
1438107899000 148 4.656
1438107903000 148 4.759
1438107907000 148 4.693
1438107911000 149 4.441
1438107915000 149 3.714
1438107919000 149 2.958
1438107923000 149 4.348
1438107927000 148 4.591
1438107931000 146 4.74
1438107935000 144 4.339
1438107939000 141 1.661
1438107941000 140 0.662
1438107945000 138 0.0
1438107949000 136 0.849
1438107953000 134 0.849
1438107957000 129 1.054
1438107961000 128 0.0
1438107965000 126 0.0
1438107969000 126 0.0
1438107973000 123 0.0
1438107977000 119 0.0
1438107981000 114 0.0
1438107985000 114 0.597
1438107989000 115 1.642
1438107993000 112 1.624
1438107995000 111 0.579
1438107997000 108 0.0
