1438102719000 77 0.0 212.0
1438102723000 76 0.0 212.0
1438102727000 73 0.0 211.0
1438102731000 72 0.0 211.0
1438102735000 73 0.0 212.0
1438102739000 73 0.0 212.0
1438102743000 75 0.0 211.0
1438102747000 78 0.0 211.0
1438102751000 79 0.0 211.0
1438102755000 78 0.0 211.0
1438102759000 77 0.0 212.0
1438102763000 79 0.0 212.0
1438102767000 77 0.0 211.0
1438102771000 76 0.0 211.0
1438102775000 77 0.0 211.0
1438102779000 80 0.0 211.0
1438102783000 82 0.0 211.0
1438102787000 82 0.0 211.0
1438102791000 83 0.0 211.0
1438102795000 84 0.0 211.0
1438102799000 83 0.0 211.0
1438102803000 81 0.0 211.0
1438102807000 78 0.0 211.0
1438102811000 77 0.0 211.0
1438102815000 79 0.0 211.0
1438102819000 80 0.0 211.0
1438102823000 81 0.0 211.0
1438102827000 82 0.0 211.0
1438102831000 82 0.0 211.0
1438102835000 83 0.0 211.0
1438102839000 85 0.0 212.0
1438102843000 89 0.0 211.0
1438102847000 90 0.0 210.0
1438102851000 90 0.0 209.0
1438102855000 93 0.0 209.0
1438102859000 92 0.0 209.0
1438102863000 90 0.0 208.0
1438102867000 89 0.0 209.0
1438102871000 91 0.0 209.0
1438102875000 90 0.0 209.0
1438102879000 89 0.0 209.0
1438102883000 89 0.0 209.0
1438102887000 89 0.0 209.0
1438102903000 79 0.0 209.0
1438102907000 79 0.0 209.0
1438102911000 80 0.0 209.0
1438102915000 79 0.0 209.0
1438102919000 79 0.0 208.0
1438102923000 79 0.0 208.0
1438102927000 78 0.0 209.0
1438102931000 78 0.0 208.0
1438102935000 81 0.0 208.0
1438102939000 80 0.0 208.0
1438102943000 78 0.0 208.0
1438102947000 79 0.0 208.0
1438102951000 79 0.0 208.0
1438102955000 78 0.0 208.0
1438102959000 79 0.0 209.0
1438102963000 81 0.0 209.0
1438102967000 82 0.0 209.0
1438102971000 83 0.0 209.0
1438102975000 83 0.0 209.0
1438102977000 84 0.0 209.0
1438102981000 84 0.616 209.0
1438102985000 84 1.334 208.0
1438102989000 84 1.334 208.0
1438102993000 85 1.054 208.0
1438102997000 87 0.0 208.0
1438103001000 90 0.0 208.0
1438103005000 92 0.0 208.0
1438103009000 92 0.0 208.0
1438103013000 93 0.0 208.0
1438103017000 93 0.0 208.0
1438103021000 91 0.0 208.0
1438103025000 93 0.0 208.0
1438103029000 91 0.0 208.0
1438103033000 89 0.0 208.0
1438103037000 86 0.0 208.0
1438103041000 86 0.0 208.0
1438103045000 87 0.0 208.0
1438103049000 87 0.0 208.0
1438103053000 87 0.0 208.0
1438103057000 88 0.0 209.0
1438103061000 87 0.0 209.0
1438103065000 84 0.0 208.0
1438103069000 82 0.0 209.0
1438103073000 83 0.0 209.0
1438103077000 86 0.0 209.0
1438103081000 90 0.0 209.0
1438103085000 89 0.0 209.0
1438103089000 91 0.0 209.0
1438103093000 91 0.0 209.0
1438103097000 89 0.0 209.0
1438103101000 89 0.0 209.0
1438103105000 92 0.0 209.0
1438103109000 97 0.0 209.0
1438103113000 96 0.0 209.0
1438103117000 94 0.0 209.0
1438103121000 93 0.0 209.0
1438103125000 92 0.0 209.0
1438103129000 89 0.0 209.0
1438103133000 90 0.0 209.0
1438103137000 92 0.0 209.0
1438103141000 92 0.0 209.0
1438103145000 91 0.0 209.0
1438103149000 91 0.0 209.0
1438103153000 90 0.0 209.0
1438103157000 90 0.0 209.0
1438103161000 88 0.0 209.0
1438103165000 86 0.0 209.0
1438103169000 87 0.0 209.0
1438103173000 90 0.569 209.0
1438103177000 89 0.588 209.0
1438103181000 87 1.764 210.0
1438103185000 88 0.0 210.0
1438103189000 91 0.0 210.0
1438103193000 89 0.0 210.0
1438103197000 90 0.0 210.0
1438103201000 91 0.0 210.0
1438103205000 90 0.0 210.0
1438103208000 91 0.0 210.0
1438103208000 91 0.0 210.0
1438103213000 90 0.0 209.0
1438103217000 93 0.0 209.0
1438103221000 91 0.0 209.0
1438103225000 89 0.0 209.0
1438103229000 88 0.0 209.0
1438103233000 86 0.0 209.0
1438103237000 84 0.0 209.0
1438103241000 85 0.0 209.0
1438103245000 83 0.0 209.0
1438103249000 79 0.0 209.0
1438103253000 77 0.0 209.0
1438103257000 77 0.0 209.0
1438103261000 78 0.0 209.0
1438103265000 81 0.0 209.0
1438103269000 83 0.0 209.0
1438103273000 86 0.0 209.0
1438103277000 85 0.448 209.0
1438103281000 87 2.473 209.0
1438103285000 91 2.342 208.0
1438103289000 94 0.0 208.0
1438103289000 94 0.0 208.0
1438103293000 93 0.0 207.0
1438103297000 90 0.0 207.0
1438103301000 86 0.0 207.0
1438103305000 86 0.0 207.0
1438103309000 92 3.546 207.0
1438103313000 99 6.186 206.0
1438103317000 102 8.351 205.0
1438103321000 101 8.65 202.0
1438103325000 96 7.297 199.0
1438103329000 93 5.514 197.0
1438103333000 96 6.699 196.0
1438103337000 101 6.923 197.0
1438103341000 104 6.793 197.0
1438103345000 105 6.97 197.0
1438103349000 105 5.3 197.0
1438103353000 104 2.613 198.0
1438103357000 107 6.196 198.0
1438103361000 113 7.856 197.0
1438103365000 118 8.631 196.0
1438103369000 119 9.256 195.0
1438103373000 118 9.797 193.0
1438103377000 117 10.609 191.0
1438103381000 116 10.87 189.0
1438103385000 116 10.87 187.0
1438103389000 117 10.833 185.0
1438103393000 117 10.87 182.0
1438103397000 114 10.17 181.0
1438103401000 112 9.107 180.0
1438103405000 107 5.188 178.0
1438103409000 103 5.029 177.0
1438103413000 106 6.466 177.0
1438103417000 109 7.045 177.0
1438103421000 110 7.035 178.0
1438103425000 113 6.494 178.0
1438103429000 117 6.587 178.0
1438103433000 120 6.587 179.0
1438103437000 121 7.269 179.0
1438103441000 121 7.726 178.0
1438103445000 120 8.37 177.0
1438103449000 121 9.433 175.0
1438103453000 119 10.348 173.0
1438103457000 114 10.73 171.0
1438103461000 112 9.704 169.0
1438103465000 105 7.651 169.0
1438103469000 105 6.699 169.0
1438103473000 109 6.718 170.0
1438103477000 114 7.483 170.0
1438103481000 115 8.472 169.0
1438103485000 115 7.381 169.0
1438103489000 113 2.622 169.0
1438103493000 113 3.564 170.0
1438103497000 116 5.598 169.0
1438103501000 121 6.569 170.0
1438103505000 124 6.989 170.0
1438103509000 125 7.922 169.0
1438103513000 124 8.883 167.0
1438103517000 123 8.435 166.0
1438103521000 121 8.864 165.0
1438103525000 117 8.976 164.0
1438103529000 116 9.153 163.0
1438103533000 114 9.06 162.0
1438103537000 112 8.687 162.0
1438103541000 111 7.978 161.0
1438103545000 110 7.763 161.0
1438103549000 108 7.427 159.0
1438103553000 104 5.402 158.0
1438103557000 109 5.468 158.0
1438103561000 114 5.72 159.0
1438103565000 118 6.14 160.0
1438103569000 122 6.522 161.0
1438103573000 126 6.69 162.0
1438103577000 128 7.045 162.0
1438103581000 131 6.569 162.0
1438103585000 135 6.326 163.0
1438103589000 137 6.503 164.0
1438103593000 139 6.308 164.0
1438103597000 140 6.485 165.0
1438103601000 140 6.597 165.0
1438103605000 140 6.233 166.0
1438103609000 140 6.699 166.0
1438103613000 140 6.681 166.0
1438103617000 140 7.25 166.0
1438103621000 140 7.017 166.0
1438103625000 139 6.905 167.0
1438103629000 139 7.166 167.0
1438103633000 138 7.035 167.0
1438103637000 137 7.026 167.0
1438103641000 137 6.811 167.0
1438103645000 136 6.28 167.0
1438103649000 137 7.297 167.0
1438103653000 137 7.996 167.0
1438103657000 136 8.015 167.0
1438103661000 136 8.892 166.0
1438103665000 135 9.676 165.0
1438103669000 133 9.209 164.0
1438103673000 130 9.013 164.0
1438103677000 130 7.838 164.0
1438103681000 130 7.539 165.0
1438103685000 129 7.455 165.0
1438103689000 130 7.054 165.0
1438103693000 130 6.653 166.0
1438103697000 131 6.476 166.0
1438103701000 133 5.934 168.0
1438103705000 134 5.197 168.0
1438103709000 135 4.871 168.0
1438103713000 136 4.917 170.0
1438103717000 137 5.104 171.0
1438103721000 138 5.16 173.0
1438103725000 140 5.048 174.0
1438103729000 142 6.298 174.0
1438103733000 142 6.755 174.0
1438103737000 141 6.55 174.0
1438103741000 142 6.755 173.0
1438103745000 141 7.073 173.0
1438103749000 141 6.942 173.0
1438103753000 139 7.465 174.0
1438103757000 139 7.744 173.0
1438103761000 138 7.772 173.0
1438103765000 137 7.968 173.0
1438103769000 135 7.688 172.0
1438103773000 134 7.166 173.0
1438103777000 134 5.636 174.0
1438103781000 134 5.337 175.0
1438103785000 135 5.123 176.0
1438103789000 136 4.815 177.0
1438103793000 137 5.123 178.0
1438103797000 138 5.02 179.0
1438103801000 140 4.768 180.0
1438103805000 141 5.263 181.0
1438103809000 143 5.141 182.0
1438103813000 144 5.878 182.0
1438103817000 143 6.737 181.0
1438103821000 142 6.112 181.0
1438103825000 141 4.787 181.0
1438103829000 140 4.395 182.0
1438103833000 139 5.16 183.0
1438103837000 141 5.626 184.0
1438103841000 143 5.225 185.0
1438103845000 142 5.263 186.0
1438103849000 142 5.216 186.0
1438103853000 143 4.973 187.0
1438103857000 145 4.824 188.0
1438103861000 145 5.402 189.0
1438103865000 145 5.02 190.0
1438103869000 146 4.74 190.0
1438103873000 146 5.44 191.0
1438103877000 146 5.561 191.0
1438103881000 147 5.151 192.0
1438103885000 146 5.617 192.0
1438103889000 146 5.617 193.0
1438103893000 148 5.318 194.0
1438103897000 148 5.412 193.0
1438103901000 147 5.598 194.0
1438103905000 146 5.608 195.0
1438103909000 145 5.626 195.0
1438103913000 144 5.794 195.0
1438103917000 143 5.981 196.0
1438103921000 141 5.738 196.0
1438103925000 137 3.256 196.0
1438103929000 132 0.0 196.0
1438103929000 132 0.0 196.0
1438103933000 128 0.0 195.0
1438103937000 127 0.0 196.0
1438103941000 123 0.0 196.0
1438103945000 122 0.0 196.0
1438103949000 120 0.0 196.0
1438103953000 117 0.0 196.0
1438103957000 111 0.0 195.0
1438103961000 107 0.0 196.0
1438103965000 104 0.0 195.0
1438103969000 104 0.0 195.0
1438103973000 104 0.0 195.0
1438103977000 106 0.0 196.0
1438103981000 107 0.0 195.0
1438103985000 106 1.484 196.0
1438103987000 107 2.109 196.0
1438103991000 110 6.084 196.0
1438103995000 113 7.222 196.0
1438103999000 116 8.519 195.0
1438104003000 117 9.583 194.0
1438104007000 121 10.45 191.0
1438104011000 124 10.208 191.0
1438104015000 127 9.993 190.0
1438104019000 129 10.525 188.0
1438104023000 130 8.929 188.0
1438104027000 132 5.953 191.0
1438104031000 137 5.3 194.0
1438104035000 142 4.955 197.0
1438104039000 146 4.628 199.0
1438104043000 152 4.628 201.0
1438104047000 155 4.348 203.0
1438104051000 158 4.329 204.0
1438104055000 157 4.964 205.0
1438104059000 157 5.692 205.0
1438104063000 155 6.681 205.0
1438104067000 154 7.577 204.0
1438104071000 153 7.633 204.0
1438104075000 151 7.511 204.0
1438104079000 150 8.183 203.0
1438104083000 147 8.696 202.0
1438104087000 146 9.023 200.0
1438104091000 145 7.688 200.0
1438104095000 144 4.992 202.0
1438104099000 143 6.354 202.0
1438104103000 141 8.062 201.0
1438104107000 137 9.433 198.0
1438104111000 130 11.038 195.0
1438104115000 124 10.497 190.0
1438104119000 120 6.522 186.0
1438104123000 119 9.452 183.0
1438104127000 120 11.038 180.0
1438104131000 121 12.251 177.0
1438104135000 118 11.598 175.0
1438104139000 115 10.898 173.0
1438104143000 111 8.043 172.0
1438104147000 101 1.791 171.0
1438104151000 102 4.992 171.0
1438104155000 114 6.028 171.0
1438104159000 118 8.454 169.0
1438104163000 122 8.873 167.0
1438104167000 119 9.135 167.0
1438104171000 121 6.951 168.0
1438104175000 124 4.703 170.0
1438104179000 129 4.199 172.0
1438104183000 133 4.18 174.0
1438104187000 137 2.995 176.0
1438104191000 140 3.35 177.0
1438104195000 142 3.499 179.0
1438104199000 145 3.359 180.0
1438104203000 147 3.415 182.0
1438104207000 149 3.182 183.0
1438104211000 150 3.424 184.0
1438104215000 152 3.779 185.0
1438104219000 152 3.938 186.0
1438104223000 153 4.022 187.0
1438104227000 154 4.264 187.0
1438104231000 155 4.609 188.0
1438104235000 156 4.591 189.0
1438104239000 156 5.169 189.0
1438104243000 155 6.373 189.0
1438104247000 154 7.054 188.0
1438104251000 152 7.269 187.0
1438104255000 150 8.071 187.0
1438104259000 148 9.004 186.0
1438104263000 147 9.695 186.0
1438104267000 146 9.984 184.0
1438104271000 146 9.835 184.0
1438104275000 145 9.853 184.0
1438104279000 146 9.611 183.0
1438104283000 145 9.835 183.0
1438104287000 145 9.928 182.0
1438104291000 145 9.825 182.0
1438104295000 145 10.04 181.0
1438104299000 144 9.676 181.0
1438104303000 145 9.555 181.0
1438104307000 147 9.536 180.0
1438104311000 148 9.517 180.0
1438104315000 148 9.592 179.0
1438104319000 148 9.405 179.0
1438104323000 149 9.685 178.0
1438104327000 148 9.377 178.0
1438104331000 148 8.985 178.0
1438104335000 148 7.968 178.0
1438104339000 148 7.446 179.0
1438104343000 150 7.623 179.0
1438104347000 150 7.894 179.0
1438104351000 149 8.929 178.0
1438104355000 149 8.556 177.0
1438104359000 149 8.267 176.0
1438104363000 149 8.444 176.0
1438104367000 149 8.855 175.0
1438104371000 149 9.219 174.0
1438104375000 147 8.827 174.0
1438104379000 146 8.64 174.0
1438104383000 144 8.062 174.0
1438104387000 142 8.538 174.0
1438104391000 142 8.659 174.0
1438104395000 142 8.668 174.0
1438104399000 143 8.734 174.0
1438104403000 142 9.013 173.0
1438104407000 142 8.864 173.0
1438104411000 140 8.379 173.0
1438104415000 139 8.65 173.0
1438104419000 140 8.818 172.0
1438104423000 140 8.65 172.0
1438104427000 140 8.379 173.0
1438104431000 142 8.351 173.0
1438104435000 143 8.248 173.0
1438104439000 143 7.726 172.0
1438104443000 144 7.521 173.0
1438104447000 144 7.306 174.0
1438104451000 144 7.073 174.0
1438104455000 144 6.774 174.0
1438104459000 145 7.53 173.0
1438104463000 144 7.987 173.0
1438104467000 142 8.435 172.0
1438104471000 140 8.622 171.0
1438104475000 138 9.433 170.0
1438104479000 136 9.275 169.0
1438104483000 134 9.863 168.0
1438104487000 132 9.797 166.0
1438104491000 128 9.667 165.0
1438104495000 127 9.433 164.0
1438104499000 127 9.695 164.0
1438104503000 126 9.331 163.0
1438104507000 128 9.013 163.0
1438104511000 128 8.92 162.0
1438104515000 126 8.929 162.0
1438104519000 126 8.845 162.0
1438104523000 127 8.678 161.0
1438104527000 127 7.931 161.0
1438104531000 127 7.53 161.0
1438104535000 127 8.379 160.0
1438104539000 126 9.097 159.0
1438104543000 125 9.247 157.0
1438104547000 124 9.069 157.0
1438104551000 121 9.237 155.0
1438104555000 121 8.752 154.0
1438104559000 120 7.502 154.0
1438104563000 120 7.996 153.0
1438104567000 122 9.312 153.0
1438104571000 124 9.48 152.0
1438104575000 125 9.237 152.0
1438104579000 127 8.482 153.0
1438104583000 129 6.998 153.0
1438104587000 129 7.651 152.0
1438104591000 131 8.491 152.0
1438104595000 134 7.931 152.0
1438104599000 138 8.164 154.0
1438104603000 141 8.267 154.0
1438104607000 145 7.94 155.0
1438104611000 148 7.465 157.0
1438104615000 150 7.082 158.0
1438104619000 152 7.138 158.0
1438104623000 152 7.371 158.0
1438104627000 152 7.754 158.0
1438104631000 152 7.549 158.0
1438104635000 152 6.923 158.0
1438104639000 151 7.8 157.0
1438104643000 151 8.183 157.0
1438104647000 151 8.23 157.0
1438104651000 149 7.549 157.0
1438104655000 148 8.006 157.0
1438104659000 145 7.847 156.0
1438104663000 144 6.569 155.0
1438104667000 144 9.125 154.0
1438104671000 142 9.023 153.0
1438104675000 140 8.286 151.0
1438104679000 138 9.405 150.0
1438104683000 136 10.273 149.0
1438104687000 135 9.573 148.0
1438104691000 134 9.685 147.0
1438104695000 131 9.825 145.0
1438104699000 130 10.357 144.0
1438104703000 130 9.975 144.0
1438104707000 130 9.387 144.0
1438104711000 130 9.032 144.0
1438104715000 130 9.191 144.0
1438104719000 131 9.191 144.0
1438104723000 131 9.153 144.0
1438104727000 129 9.041 143.0
1438104731000 126 7.66 142.0
1438104735000 128 7.455 141.0
1438104739000 132 8.379 142.0
1438104743000 136 8.762 142.0
1438104747000 139 8.929 142.0
1438104751000 141 8.948 142.0
1438104755000 143 8.827 142.0
1438104759000 146 8.678 142.0
1438104763000 147 8.556 143.0
1438104767000 148 8.295 143.0
1438104771000 150 7.894 144.0
1438104775000 153 7.726 144.0
1438104779000 154 7.614 145.0
1438104783000 155 7.362 146.0
1438104787000 156 7.11 146.0
1438104791000 156 6.802 146.0
1438104795000 157 6.718 147.0
1438104799000 156 6.69 147.0
1438104803000 157 6.401 148.0
1438104807000 158 6.196 148.0
1438104811000 158 6.755 148.0
1438104815000 158 6.961 149.0
1438104819000 157 7.007 148.0
1438104823000 157 6.746 148.0
1438104827000 155 7.017 148.0
1438104831000 155 7.642 148.0
1438104835000 153 7.642 148.0
1438104839000 152 7.707 149.0
1438104843000 152 7.763 149.0
1438104847000 151 7.614 148.0
1438104851000 149 7.549 148.0
1438104855000 147 8.052 147.0
1438104859000 145 7.987 146.0
1438104863000 144 8.211 147.0
1438104867000 143 9.144 146.0
1438104871000 141 10.217 145.0
1438104875000 138 10.898 143.0
1438104879000 136 11.094 141.0
1438104883000 135 10.88 140.0
1438104887000 135 8.845 141.0
1438104891000 139 8.659 142.0
1438104895000 141 9.704 141.0
1438104899000 141 9.293 141.0
1438104903000 141 7.996 143.0
1438104907000 141 8.183 143.0
1438104911000 142 8.323 143.0
1438104915000 143 7.744 143.0
1438104919000 143 7.605 143.0
1438104923000 144 8.09 143.0
1438104927000 144 7.754 144.0
1438104931000 145 7.884 144.0
1438104935000 147 7.558 144.0
1438104939000 147 6.839 145.0
1438104943000 147 6.42 146.0
1438104947000 147 6.69 147.0
1438104951000 148 6.233 147.0
1438104955000 148 6.065 148.0
1438104959000 148 6.476 149.0
1438104963000 148 6.429 149.0
1438104967000 147 7.493 149.0
1438104971000 145 8.22 148.0
1438104975000 143 8.342 148.0
1438104979000 142 8.92 147.0
1438104983000 140 9.349 146.0
1438104987000 139 8.631 146.0
1438104991000 140 8.192 146.0
1438104995000 139 8.454 146.0
1438104999000 138 8.584 146.0
1438105003000 136 8.985 145.0
1438105007000 134 8.547 145.0
1438105011000 132 8.818 144.0
1438105015000 131 7.222 142.0
1438105019000 131 7.642 143.0
1438105023000 131 8.276 142.0
1438105027000 131 8.668 141.0
1438105031000 132 8.267 141.0
1438105035000 133 7.101 142.0
1438105039000 134 7.521 143.0
1438105043000 136 7.007 143.0
1438105047000 138 6.979 143.0
1438105051000 139 7.53 144.0
1438105055000 140 7.259 144.0
1438105059000 141 8.23 143.0
1438105063000 140 9.349 141.0
1438105067000 140 8.51 141.0
1438105071000 141 8.323 141.0
1438105075000 143 7.894 142.0
1438105079000 145 7.409 142.0
1438105083000 146 6.802 143.0
1438105087000 147 6.531 143.0
1438105091000 149 5.925 143.0
1438105095000 148 6.886 144.0
1438105099000 149 6.942 144.0
1438105103000 147 8.164 143.0
1438105107000 146 8.192 142.0
1438105111000 145 7.53 142.0
1438105115000 146 8.071 142.0
1438105119000 145 7.996 142.0
1438105123000 145 8.454 141.0
1438105127000 144 9.359 141.0
1438105131000 143 9.228 139.0
1438105135000 142 9.461 138.0
1438105139000 142 9.573 137.0
1438105143000 141 9.069 137.0
1438105147000 142 9.639 137.0
1438105151000 142 8.818 137.0
1438105155000 142 8.043 137.0
1438105159000 143 7.772 138.0
1438105163000 144 6.895 138.0
1438105167000 145 6.839 139.0
1438105171000 145 6.97 140.0
1438105175000 144 7.968 139.0
1438105179000 144 7.8 139.0
1438105183000 145 7.11 139.0
1438105187000 144 7.605 138.0
1438105191000 144 7.241 139.0
1438105195000 143 6.681 138.0
1438105199000 142 6.597 139.0
1438105203000 141 6.382 139.0
1438105207000 140 7.987 138.0
1438105211000 139 8.995 137.0
1438105215000 138 8.827 135.0
1438105219000 138 8.295 135.0
1438105223000 136 7.493 136.0
1438105227000 136 7.465 135.0
1438105231000 134 6.979 135.0
1438105235000 133 3.732 134.0
1438105239000 134 6.839 133.0
1438105243000 135 7.978 133.0
1438105247000 135 7.838 133.0
1438105251000 135 7.744 133.0
1438105255000 136 7.819 133.0
1438105259000 136 8.248 132.0
1438105263000 135 9.2 131.0
1438105267000 135 9.564 130.0
1438105271000 135 9.415 130.0
1438105275000 135 9.835 129.0
1438105279000 136 9.359 128.0
1438105283000 137 8.538 128.0
1438105287000 138 8.771 128.0
1438105291000 139 9.349 128.0
1438105295000 139 9.004 128.0
1438105299000 139 8.36 128.0
1438105303000 139 8.901 127.0
1438105307000 139 8.771 128.0
1438105311000 139 9.023 127.0
1438105315000 139 9.489 126.0
1438105319000 139 9.265 125.0
1438105323000 139 8.892 125.0
1438105327000 138 8.304 126.0
1438105331000 139 8.407 125.0
1438105335000 140 8.239 125.0
1438105339000 140 8.426 125.0
1438105343000 141 8.5 125.0
1438105347000 142 8.612 125.0
1438105351000 142 8.752 124.0
1438105355000 142 7.623 125.0
1438105359000 143 7.381 125.0
1438105363000 143 7.987 125.0
1438105367000 143 7.922 125.0
1438105371000 144 7.791 126.0
1438105375000 143 7.586 125.0
1438105379000 144 7.577 125.0
1438105383000 143 7.549 125.0
1438105387000 143 7.465 125.0
1438105391000 143 7.521 126.0
1438105395000 144 7.651 126.0
1438105399000 144 7.95 126.0
1438105403000 143 8.51 125.0
1438105407000 142 8.146 125.0
1438105411000 142 8.062 125.0
1438105415000 142 7.259 125.0
1438105419000 143 6.998 126.0
1438105423000 145 6.802 127.0
1438105427000 145 7.549 127.0
1438105431000 144 8.108 126.0
1438105435000 142 8.08 125.0
1438105439000 142 8.099 125.0
1438105443000 140 8.594 125.0
1438105447000 140 8.463 124.0
1438105451000 139 8.594 125.0
1438105455000 139 8.668 124.0
1438105459000 138 8.174 125.0
1438105463000 139 6.895 125.0
1438105467000 139 7.735 124.0
1438105471000 139 7.903 124.0
1438105475000 139 8.519 124.0
1438105479000 139 8.062 124.0
1438105483000 140 8.071 125.0
1438105487000 139 8.407 124.0
1438105491000 138 8.873 123.0
1438105495000 139 9.191 122.0
1438105499000 138 9.573 121.0
1438105503000 137 9.657 120.0
1438105507000 136 9.741 119.0
1438105511000 135 9.443 118.0
1438105515000 135 8.65 118.0
1438105519000 135 9.377 116.0
1438105523000 134 9.825 115.0
1438105527000 134 9.237 114.0
1438105531000 133 9.275 114.0
1438105535000 133 9.452 113.0
1438105539000 133 9.844 112.0
1438105543000 131 9.751 111.0
1438105547000 130 8.528 111.0
1438105551000 125 7.054 110.0
1438105555000 124 5.318 109.0
1438105559000 127 7.633 109.0
1438105563000 130 7.828 109.0
1438105567000 132 7.912 110.0
1438105571000 135 8.248 111.0
1438105575000 138 7.791 112.0
1438105579000 140 7.073 113.0
1438105583000 143 6.867 113.0
1438105587000 146 6.914 114.0
1438105591000 148 6.513 115.0
1438105595000 149 4.927 116.0
1438105599000 149 4.721 116.0
1438105603000 148 7.446 114.0
1438105607000 147 8.276 112.0
1438105611000 145 7.94 111.0
1438105615000 144 8.622 111.0
1438105619000 142 8.556 110.0
1438105623000 141 8.696 109.0
1438105627000 140 8.631 109.0
1438105631000 140 8.388 109.0
1438105635000 138 7.66 109.0
1438105639000 136 8.108 108.0
1438105643000 137 6.989 109.0
1438105647000 139 6.877 109.0
1438105651000 139 6.867 109.0
1438105655000 140 7.875 108.0
1438105659000 140 7.66 108.0
1438105663000 140 8.855 107.0
1438105667000 139 9.032 106.0
1438105671000 137 8.845 105.0
1438105675000 136 9.125 104.0
1438105679000 136 8.836 103.0
1438105683000 135 8.995 103.0
1438105687000 134 8.818 102.0
1438105691000 135 8.239 102.0
1438105695000 135 7.203 103.0
1438105699000 136 6.578 103.0
1438105703000 137 5.57 105.0
1438105707000 137 4.777 106.0
1438105711000 137 6.252 106.0
1438105715000 139 6.923 106.0
1438105719000 140 7.091 107.0
1438105723000 141 7.39 107.0
1438105727000 142 7.157 108.0
1438105731000 144 7.483 108.0
1438105735000 144 7.521 107.0
1438105739000 145 7.856 108.0
1438105743000 145 7.81 108.0
1438105747000 146 7.987 108.0
1438105751000 146 8.062 108.0
1438105755000 146 7.987 108.0
1438105759000 145 7.409 109.0
1438105763000 146 7.175 109.0
1438105767000 146 7.567 109.0
1438105771000 146 7.399 110.0
1438105775000 147 7.297 110.0
1438105779000 147 7.521 111.0
1438105783000 147 7.474 111.0
1438105787000 147 7.427 112.0
1438105791000 147 7.455 112.0
1438105795000 148 7.446 112.0
1438105799000 146 7.427 112.0
1438105803000 146 7.297 112.0
1438105807000 146 7.567 113.0
1438105811000 146 7.903 113.0
1438105815000 145 7.828 112.0
1438105819000 144 7.203 113.0
1438105823000 144 7.147 113.0
1438105827000 143 7.119 114.0
1438105831000 144 7.194 114.0
1438105835000 144 7.11 114.0
1438105839000 144 7.371 115.0
1438105843000 144 7.194 115.0
1438105847000 144 6.858 115.0
1438105851000 145 6.653 116.0
1438105855000 145 6.522 117.0
1438105859000 144 6.867 117.0
1438105863000 143 7.054 117.0
1438105867000 143 7.53 116.0
1438105871000 141 7.735 116.0
1438105875000 140 7.903 115.0
1438105879000 138 7.922 115.0
1438105883000 137 7.884 115.0
1438105887000 137 7.614 116.0
1438105891000 137 7.446 116.0
1438105895000 135 7.166 116.0
1438105899000 134 4.208 115.0
1438105903000 132 5.281 114.0
1438105907000 134 6.886 114.0
1438105911000 135 7.353 114.0
1438105915000 135 7.782 115.0
1438105919000 136 8.118 115.0
1438105923000 136 8.323 114.0
1438105927000 135 8.995 113.0
1438105931000 134 8.668 113.0
1438105935000 134 8.463 113.0
1438105939000 134 7.856 113.0
1438105943000 135 7.95 113.0
1438105947000 136 7.959 113.0
1438105951000 138 7.241 114.0
1438105955000 140 6.923 116.0
1438105959000 142 7.735 116.0
1438105963000 143 7.903 116.0
1438105967000 144 7.511 116.0
1438105971000 145 7.511 117.0
1438105975000 146 7.25 117.0
1438105979000 147 7.549 117.0
1438105983000 148 7.082 117.0
1438105987000 148 7.222 118.0
1438105991000 149 7.418 118.0
1438105995000 149 7.586 119.0
1438105999000 149 8.155 119.0
1438106003000 148 6.709 120.0
1438106007000 149 5.561 121.0
1438106011000 149 5.832 121.0
1438106015000 149 5.636 122.0
1438106019000 150 5.972 123.0
1438106023000 149 6.345 123.0
1438106027000 149 6.438 124.0
1438106031000 148 6.923 123.0
1438106035000 148 6.979 123.0
1438106039000 147 7.446 124.0
1438106043000 146 8.36 123.0
1438106047000 144 8.603 123.0
1438106051000 143 8.771 122.0
1438106055000 141 9.125 121.0
1438106059000 140 9.853 120.0
1438106063000 139 8.491 120.0
1438106067000 139 7.315 122.0
1438106071000 139 6.774 122.0
1438106075000 140 7.53 122.0
1438106079000 141 7.726 123.0
1438106083000 141 6.27 124.0
1438106087000 142 6.177 124.0
1438106091000 143 5.766 125.0
1438106095000 144 4.684 126.0
1438106099000 145 6.382 127.0
1438106103000 147 6.615 128.0
1438106107000 147 6.979 128.0
1438106111000 147 7.39 127.0
1438106115000 146 7.894 127.0
1438106119000 147 7.716 127.0
1438106123000 147 7.502 127.0
1438106127000 147 7.213 128.0
1438106131000 147 7.129 128.0
1438106135000 146 7.343 128.0
1438106139000 147 7.362 129.0
1438106143000 147 7.11 130.0
1438106147000 147 7.325 130.0
1438106151000 147 7.633 130.0
1438106155000 147 8.006 129.0
1438106159000 145 8.258 129.0
1438106163000 144 8.099 129.0
1438106167000 143 8.351 129.0
1438106171000 142 7.8 129.0
1438106175000 141 8.211 129.0
1438106179000 141 7.996 130.0
1438106183000 142 7.903 130.0
1438106187000 141 7.782 131.0
1438106191000 142 7.353 131.0
1438106195000 142 7.605 131.0
1438106199000 144 7.866 132.0
1438106203000 144 8.136 132.0
1438106207000 145 8.164 132.0
1438106211000 145 8.295 132.0
1438106215000 146 8.267 132.0
1438106219000 147 8.052 133.0
1438106223000 148 8.099 133.0
1438106227000 147 8.248 133.0
1438106231000 147 8.286 133.0
1438106235000 147 8.183 132.0
1438106239000 146 9.237 132.0
1438106243000 144 8.864 132.0
1438106247000 144 8.706 132.0
1438106251000 144 8.734 132.0
1438106255000 142 9.76 130.0
1438106259000 141 11.701 126.0
1438106263000 139 13.184 124.0
1438106267000 138 11.486 123.0
1438106271000 137 10.198 123.0
1438106275000 137 7.922 124.0
1438106279000 138 6.783 126.0
1438106283000 140 6.158 127.0
1438106287000 143 5.505 129.0
1438106291000 145 4.917 130.0
1438106295000 148 4.628 132.0
1438106299000 150 3.583 134.0
1438106303000 151 4.591 135.0
1438106307000 150 5.253 135.0
1438106311000 150 5.44 135.0
1438106315000 150 5.225 136.0
1438106319000 150 6.0 136.0
1438106323000 150 6.951 136.0
1438106327000 149 7.912 135.0
1438106331000 148 7.94 134.0
1438106335000 147 7.539 135.0
1438106339000 146 7.642 134.0
1438106343000 145 6.42 135.0
1438106347000 144 6.205 136.0
1438106351000 144 6.503 136.0
1438106355000 144 6.578 137.0
1438106359000 143 7.819 136.0
1438106363000 142 8.799 135.0
1438106367000 141 8.155 135.0
1438106371000 140 7.502 136.0
1438106375000 141 7.026 136.0
1438106379000 142 6.839 137.0
1438106383000 142 7.567 137.0
1438106387000 142 7.147 138.0
1438106391000 142 7.101 139.0
1438106395000 142 8.566 137.0
1438106399000 140 8.929 136.0
1438106403000 139 8.65 136.0
1438106407000 137 7.539 137.0
1438106411000 137 7.623 137.0
1438106415000 136 8.454 137.0
1438106419000 135 9.135 135.0
1438106423000 134 9.079 135.0
1438106427000 134 8.024 135.0
1438106431000 134 7.418 136.0
1438106435000 135 6.951 136.0
1438106439000 137 6.774 137.0
1438106443000 138 7.287 137.0
1438106447000 139 7.278 138.0
1438106451000 141 6.615 139.0
1438106455000 143 5.944 139.0
1438106459000 145 6.056 141.0
1438106463000 148 6.364 142.0
1438106467000 150 6.074 143.0
1438106471000 152 6.056 144.0
1438106475000 152 6.849 144.0
1438106479000 153 6.737 144.0
1438106483000 153 7.054 144.0
1438106487000 152 7.343 144.0
1438106491000 153 7.334 144.0
1438106495000 153 7.157 145.0
1438106499000 153 7.586 145.0
1438106503000 152 7.856 145.0
1438106507000 153 7.399 145.0
1438106511000 152 7.259 146.0
1438106515000 152 7.381 147.0
1438106519000 152 7.231 147.0
1438106523000 153 7.007 148.0
1438106527000 153 6.933 148.0
1438106531000 152 7.259 148.0
1438106535000 152 7.353 148.0
1438106539000 150 7.605 148.0
1438106543000 147 8.108 147.0
1438106547000 144 8.164 146.0
1438106551000 141 5.309 145.0
1438106555000 139 3.648 146.0
1438106559000 139 7.213 146.0
1438106563000 138 7.838 145.0
1438106567000 139 7.558 146.0
1438106571000 140 8.146 147.0
1438106575000 140 7.912 147.0
1438106579000 140 7.381 147.0
1438106583000 141 7.381 147.0
1438106587000 142 6.811 148.0
1438106591000 144 6.13 149.0
1438106595000 144 3.798 150.0
1438106599000 145 4.413 150.0
1438106603000 146 5.673 151.0
1438106607000 147 6.727 151.0
1438106611000 146 7.455 151.0
1438106615000 144 7.334 150.0
1438106619000 143 7.539 150.0
1438106623000 143 7.278 152.0
1438106627000 144 6.336 152.0
1438106631000 143 3.714 152.0
1438106635000 143 6.718 152.0
1438106639000 144 7.8 152.0
1438106643000 145 7.073 152.0
1438106647000 147 6.438 153.0
1438106651000 148 6.905 154.0
1438106655000 149 7.073 155.0
1438106659000 150 6.606 156.0
1438106663000 152 5.748 157.0
1438106667000 153 5.888 158.0
1438106671000 154 5.449 159.0
1438106675000 155 6.998 159.0
1438106679000 154 7.213 159.0
1438106683000 154 7.035 159.0
1438106687000 154 6.727 159.0
1438106691000 153 6.905 160.0
1438106695000 152 6.951 160.0
1438106699000 152 7.437 161.0
1438106703000 152 7.185 161.0
1438106707000 152 7.39 161.0
1438106711000 151 7.502 162.0
1438106715000 151 7.147 162.0
1438106719000 150 6.718 163.0
1438106723000 150 7.026 164.0
1438106727000 151 6.774 164.0
1438106731000 152 7.119 165.0
1438106735000 152 6.709 166.0
1438106739000 152 6.699 167.0
1438106743000 152 5.804 168.0
1438106747000 153 5.682 169.0
1438106751000 154 6.28 169.0
1438106755000 154 6.14 170.0
1438106759000 155 6.009 170.0
1438106763000 155 5.766 172.0
1438106767000 154 6.102 172.0
1438106771000 154 6.261 173.0
1438106775000 155 6.643 172.0
1438106779000 154 7.045 172.0
1438106783000 152 7.465 172.0
1438106787000 149 7.866 172.0
1438106791000 147 8.183 172.0
1438106795000 146 8.267 171.0
1438106799000 144 8.388 171.0
1438106803000 143 8.528 170.0
1438106807000 142 8.416 171.0
1438106811000 142 7.8 171.0
1438106815000 141 8.099 171.0
1438106819000 141 7.912 171.0
1438106823000 140 8.164 171.0
1438106827000 140 7.828 171.0
1438106831000 141 7.623 172.0
1438106835000 141 7.754 172.0
1438106839000 141 7.856 172.0
1438106843000 141 7.978 172.0
1438106847000 142 7.968 172.0
1438106851000 141 7.959 172.0
1438106855000 141 7.978 172.0
1438106859000 141 8.267 172.0
1438106863000 142 7.427 173.0
1438106867000 143 7.726 173.0
1438106871000 145 7.633 174.0
1438106875000 146 7.959 174.0
1438106879000 147 7.679 174.0
1438106883000 149 6.951 175.0
1438106887000 151 6.587 176.0
1438106891000 152 6.97 177.0
1438106895000 151 7.521 177.0
1438106899000 151 7.716 176.0
1438106903000 148 7.483 176.0
1438106907000 147 7.642 175.0
1438106911000 146 7.623 176.0
1438106915000 147 7.521 176.0
1438106919000 146 7.287 176.0
1438106923000 145 7.623 176.0
1438106927000 143 7.166 177.0
1438106931000 142 7.474 177.0
1438106935000 143 7.884 177.0
1438106939000 144 7.8 177.0
1438106943000 145 7.819 178.0
1438106947000 144 8.267 178.0
1438106951000 144 7.483 179.0
1438106955000 144 7.138 179.0
1438106959000 145 6.737 180.0
1438106963000 145 7.325 180.0
1438106967000 145 7.278 181.0
1438106971000 146 7.474 181.0
1438106975000 146 7.483 181.0
1438106979000 148 7.642 182.0
1438106983000 148 7.325 182.0
1438106987000 149 7.399 182.0
1438106991000 150 7.371 182.0
1438106995000 151 7.185 184.0
1438106999000 152 6.905 184.0
1438107003000 152 6.923 185.0
1438107007000 152 7.017 186.0
1438107011000 152 6.877 186.0
1438107015000 152 6.802 187.0
1438107019000 151 7.399 187.0
1438107023000 150 8.006 186.0
1438107027000 148 8.416 185.0
1438107031000 145 9.359 183.0
1438107035000 142 10.721 180.0
1438107039000 137 11.365 176.0
1438107043000 131 11.859 171.0
1438107047000 124 13.25 167.0
1438107051000 123 8.799 166.0
1438107055000 123 8.006 167.0
1438107059000 125 5.533 168.0
1438107063000 124 3.732 169.0
1438107067000 126 3.172 169.0
1438107071000 130 6.0 169.0
1438107075000 131 6.345 169.0
1438107079000 131 6.186 170.0
1438107083000 132 5.916 171.0
1438107087000 133 5.626 172.0
1438107091000 134 5.02 172.0
1438107095000 136 5.216 173.0
1438107099000 138 4.768 174.0
1438107103000 139 3.592 175.0
1438107107000 141 3.844 176.0
1438107111000 144 3.284 177.0
1438107115000 146 2.986 179.0
1438107119000 147 2.575 180.0
1438107123000 148 2.277 181.0
1438107127000 150 2.771 183.0
1438107131000 152 2.837 184.0
1438107135000 153 2.743 185.0
1438107139000 155 2.855 187.0
1438107143000 155 2.547 188.0
1438107147000 156 3.004 189.0
1438107151000 156 1.95 190.0
1438107155000 156 2.071 192.0
1438107159000 157 2.109 193.0
1438107163000 157 2.146 194.0
1438107167000 158 2.809 195.0
1438107171000 159 2.976 196.0
1438107175000 158 3.611 197.0
1438107179000 159 2.809 198.0
1438107183000 159 3.294 199.0
1438107187000 158 3.368 200.0
1438107191000 158 3.48 201.0
1438107195000 163 6.298 200.0
1438107199000 156 8.528 198.0
1438107203000 153 6.438 199.0
1438107207000 153 6.392 199.0
1438107211000 152 5.832 201.0
1438107215000 151 5.897 202.0
1438107219000 151 6.392 202.0
1438107223000 150 6.522 202.0
1438107227000 149 6.214 203.0
1438107231000 147 6.401 203.0
1438107235000 146 6.186 203.0
1438107239000 144 6.102 204.0
1438107243000 143 8.258 203.0
1438107247000 140 10.749 199.0
1438107251000 138 13.39 194.0
1438107255000 134 14.882 189.0
1438107259000 132 11.794 187.0
1438107263000 132 10.46 188.0
1438107267000 135 8.985 189.0
1438107271000 136 8.006 190.0
1438107275000 138 6.643 192.0
1438107279000 139 6.737 193.0
1438107283000 140 6.634 193.0
1438107287000 141 6.69 194.0
1438107291000 141 6.895 194.0
1438107295000 141 7.194 194.0
1438107299000 142 7.539 194.0
1438107303000 141 7.735 194.0
1438107307000 140 8.267 193.0
1438107311000 140 8.472 192.0
1438107315000 138 8.836 192.0
1438107319000 137 8.762 191.0
1438107323000 135 9.097 190.0
1438107327000 132 9.312 189.0
1438107331000 131 9.06 188.0
1438107335000 129 9.648 187.0
1438107339000 125 9.499 185.0
1438107343000 123 9.592 184.0
1438107347000 119 7.082 182.0
1438107351000 114 4.945 181.0
1438107355000 121 8.706 179.0
1438107359000 131 10.152 179.0
1438107363000 136 10.17 180.0
1438107367000 140 11.076 180.0
1438107371000 144 12.578 177.0
1438107375000 146 13.278 175.0
1438107379000 148 13.837 172.0
1438107383000 150 13.007 171.0
1438107387000 153 12.251 171.0
1438107391000 154 11.523 171.0
1438107395000 157 10.814 172.0
1438107399000 157 9.704 172.0
1438107403000 157 9.144 172.0
1438107407000 157 9.023 171.0
1438107411000 157 8.65 171.0
1438107413000 157 9.377 171.0
1438107417000 157 10.497 170.0
1438107421000 156 11.635 167.0
1438107425000 156 11.943 166.0
1438107429000 155 11.906 164.0
1438107433000 154 11.449 163.0
1438107437000 153 10.945 162.0
1438107441000 151 8.556 162.0
1438107445000 150 5.673 161.0
1438107449000 147 5.039 162.0
1438107453000 146 5.291 163.0
1438107457000 145 5.664 164.0
1438107461000 145 6.0 164.0
1438107465000 144 6.102 165.0
1438107469000 144 6.457 165.0
1438107473000 143 6.662 166.0
1438107477000 143 6.961 166.0
1438107481000 142 6.476 166.0
1438107485000 142 6.438 165.0
1438107489000 142 7.194 165.0
1438107493000 142 7.968 165.0
1438107497000 139 7.959 165.0
1438107501000 139 7.782 164.0
1438107505000 137 7.474 164.0
1438107509000 137 7.549 164.0
1438107513000 136 7.483 164.0
1438107517000 135 7.558 164.0
1438107521000 134 7.912 163.0
1438107525000 133 8.052 163.0
1438107529000 133 8.687 162.0
1438107533000 132 9.172 161.0
1438107537000 129 9.125 160.0
1438107541000 128 8.65 160.0
1438107545000 128 8.659 159.0
1438107549000 126 8.491 158.0
1438107553000 124 6.13 156.0
1438107557000 123 5.132 156.0
1438107561000 127 5.263 156.0
1438107565000 131 5.412 158.0
1438107569000 134 6.037 159.0
1438107573000 135 6.559 159.0
1438107577000 135 6.634 159.0
1438107581000 136 6.951 160.0
1438107585000 137 6.699 160.0
1438107589000 138 6.364 160.0
1438107593000 140 6.028 161.0
1438107597000 141 5.402 162.0
1438107601000 142 4.759 163.0
1438107605000 141 5.029 163.0
1438107609000 142 5.654 164.0
1438107613000 142 5.44 165.0
1438107617000 143 5.589 165.0
1438107621000 145 5.272 167.0
1438107625000 146 5.486 167.0
1438107629000 145 5.645 167.0
1438107633000 145 5.393 167.0
1438107637000 145 4.553 167.0
1438107641000 143 6.522 167.0
1438107645000 143 7.287 166.0
1438107649000 141 6.578 167.0
1438107653000 140 5.878 168.0
1438107657000 139 5.72 168.0
1438107661000 136 6.392 167.0
1438107665000 135 3.536 166.0
1438107669000 133 5.58 166.0
1438107673000 133 6.364 166.0
1438107677000 133 6.466 167.0
1438107681000 134 5.841 168.0
1438107685000 135 4.973 168.0
1438107689000 137 4.535 170.0
1438107693000 139 4.759 171.0
1438107697000 142 5.225 172.0
1438107701000 144 4.703 173.0
1438107705000 145 4.992 174.0
1438107709000 145 5.141 175.0
1438107713000 145 5.253 176.0
1438107717000 145 4.927 176.0
1438107721000 146 5.86 177.0
1438107725000 147 6.326 177.0
1438107729000 147 7.157 176.0
1438107733000 147 7.577 176.0
1438107737000 145 6.979 176.0
1438107741000 143 6.168 175.0
1438107745000 138 3.751 175.0
1438107749000 134 0.0 175.0
1438107749000 134 0.0 175.0
1438107753000 129 0.0 175.0
1438107757000 127 0.0 175.0
1438107761000 121 0.0 175.0
1438107765000 116 0.0 175.0
1438107769000 119 0.0 175.0
1438107773000 118 0.0 175.0
1438107777000 123 0.0 175.0
1438107781000 119 0.877 175.0
1438107783000 121 2.211 175.0
1438107787000 122 3.891 176.0
1438107791000 122 4.908 176.0
1438107795000 125 5.748 177.0
1438107799000 129 6.699 177.0
1438107803000 133 6.662 179.0
1438107807000 135 6.438 179.0
1438107811000 136 5.384 180.0
1438107815000 138 5.328 181.0
1438107819000 140 5.197 183.0
1438107823000 143 5.151 183.0
1438107827000 144 4.731 184.0
1438107831000 145 4.525 185.0
1438107835000 146 4.096 186.0
1438107839000 147 4.32 188.0
1438107843000 149 3.714 189.0
1438107847000 149 4.012 190.0
1438107851000 150 4.152 191.0
1438107855000 150 4.161 192.0
1438107859000 150 4.05 192.0
1438107863000 150 4.199 193.0
1438107867000 151 4.189 193.0
1438107871000 150 4.497 194.0
1438107875000 150 4.647 195.0
1438107879000 150 4.637 196.0
1438107883000 150 4.777 196.0
1438107887000 149 4.852 197.0
1438107891000 149 4.796 198.0
1438107895000 148 4.852 199.0
1438107899000 148 4.656 200.0
1438107903000 148 4.759 201.0
1438107907000 148 4.693 202.0
1438107911000 149 4.441 203.0
1438107915000 149 3.714 204.0
1438107919000 149 2.958 205.0
1438107923000 149 4.348 205.0
1438107927000 148 4.591 205.0
1438107931000 146 4.74 206.0
1438107935000 144 4.339 205.0
1438107939000 141 1.661 206.0
1438107941000 140 0.662 206.0
1438107945000 138 0.0 207.0
1438107949000 136 0.849 207.0
1438107953000 134 0.849 207.0
1438107957000 129 1.054 207.0
1438107961000 128 0.0 207.0
1438107965000 126 0.0 207.0
1438107969000 126 0.0 207.0
1438107973000 123 0.0 207.0
1438107977000 119 0.0 207.0
1438107981000 114 0.0 207.0
1438107985000 114 0.597 207.0
1438107989000 115 1.642 207.0
1438107993000 112 1.624 207.0
1438107995000 111 0.579 207.0
1438107997000 108 0.0 207.0
